player	age	yds_per_drive	dr_accuracy	dr_totl	greens_in_reg	putt_avg	save_pct	events	rounds	cuts	top10	earn	log_earn
Rickie Fowler	29	300.3	63.9	41	67.0	1.721	68.7	21	77	18	10	6083197.5	6.7841319
Luke Donald	40	278.5	56.5	178	61.9	1.750	64.4	18	49	7	1	958850.30	5.9817508
Rory McIlroy	28	317.2	55.1	1	65.6	1.772	63.2	14	48	12	6	2430182	6.3856388
Seung-yul Noh	26	298.5	53.1	52	65.6	1.764	61.9	31	88	15	3	1080706.3	6.0337077
Webb Simpson	32	286.5	66.3	142	65.5	1.763	61.5	28	99	23	6	3209646.3	6.5064572
Louis Oosthuizen	35	296.3	61.3	69	65.2	1.787	61.2	18	62	16	4	3105422	6.4921206
Adam Hadwin	30	291.3	63.2	108	65.1	1.753	61.1	28	98	21	5	3455012.3	6.5384496
Tim Wilkinson	39	279.5	65.7	173	64.0	1.760	61.1	22	59	10	0	411459.06	5.6143266
Tyrone van Aswegen	36	287.2	59.8	134	66.4	1.793	60.8	32	97	18	1	806410.06	5.9065559
Gary Woodland	33	307.6	59.3	13	69.5	1.807	60.7	26	90	22	5	2980225.5	6.4742491
Ian Poulter	42	283.5	62.6	159	64.5	1.778	59.3	20	68	15	2	2098346	6.3218771
Jon Rahm	23	305.8	58.7	20	68.6	1.761	59.1	23	83	21	11	6123247.5	6.7869818
Harris English	28	301.9	51.4	30	64.0	1.792	59.0	27	76	13	2	864959.30	5.9369957
Brian Harman	31	289.9	62.8	116	63.8	1.738	58.7	30	100	21	7	4396470	6.6431041
Aaron Baddeley	36	292.6	52.2	94	62.6	1.755	58.4	20	57	10	2	755356	5.8781517
Michael Thompson	32	284.8	61.7	154	63.7	1.788	58.2	21	57	8	1	568991.40	5.7551057
Tom Hoge	28	285.1	56.0	151	66.1	1.751	58.1	17	46	8	1	373092.03	5.5718160
Jimmy Walker	40	295.7	56.6	74	59.7	1.771	57.9	21	65	14	1	1101161.5	6.0418510
Steven Bowditch	34	287.3	45.4	133	53.5	1.845	57.8	N/A	N/A	N/A	N/A	N/A	N/A
Charl Schwartzel	33	299.1	54.3	47	61.8	1.763	57.6	18	60	14	3	2156035.8	6.3336560
Matt Kuchar	39	285.4	65.9	148	66.7	1.770	57.6	26	92	22	9	4282488.5	6.6316962
Geoff Ogilvy	40	286.5	62.6	142	65.5	1.804	57.5	25	72	13	1	867248.60	5.9381436
Bryce Molder	39	277.0	57.6	182	61.8	1.778	57.2	N/A	N/A	N/A	N/A	N/A	N/A
John Huh	27	287.1	64.1	136	65.8	1.790	57.2	28	88	17	2	767575.40	5.8851210
Matt Jones	37	302.6	57.1	28	63.1	1.778	57.1	20	56	10	0	510622.16	5.7080997
Brian Campbell	24	296.0	58.2	70	63.3	1.750	57.1	N/A	N/A	N/A	N/A	N/A	N/A
Zac Blair	--	272.7	69.7	188	64.7	1.778	56.3	32	100	20	1	788352.25	5.8967203
Brandt Snedeker	37	281.6	63.6	165	67.1	1.752	56.3	15	50	12	4	1625805.8	6.2110687
Nick Watney	36	300.9	55.7	35	66.4	1.807	56.1	23	69	13	1	824161.90	5.9160125
David Lingmerth	30	290.6	63.7	113	63.1	1.741	56.1	23	75	16	1	1070754.3	6.0296898
Justin Rose	37	300.9	58.3	35	68.1	1.770	55.9	18	65	15	8	4245308	6.6279092
Vaughn Taylor	41	282.4	68.3	161	66.7	1.759	55.8	26	85	18	0	797384.90	5.9016680
Jordan Spieth	24	295.6	60.0	75	70.0	1.711	55.8	23	78	19	12	9433033	6.9746514
Seamus Power	30	298.1	53.3	53	65.6	1.761	55.7	25	81	18	1	646180.50	5.8103538
David Hearn	38	281.0	66.8	167	64.7	1.794	55.3	29	85	15	2	800710	5.9034753
Wesley Bryan	--	279.8	57.9	172	60.5	1.748	55.3	28	91	18	5	2495750.8	6.3972012
Jonas Blixt	33	288.8	60.1	122	61.5	1.741	55.3	25	70	11	1	1408287.6	6.1486914
Hunter Mahan	35	294.5	63.4	79	64.6	1.802	55.2	N/A	N/A	N/A	N/A	N/A	N/A
Brandon Hagy	--	312.7	52.5	3	64.5	1.787	54.7	26	77	15	1	861226.80	5.9351175
Kevin Na	34	283.7	61.3	158	65.5	1.755	54.5	26	83	18	5	1728350.9	6.2376319
Pat Perez	41	290.9	62.0	112	66.2	1.754	54.5	26	91	22	6	4361400.5	6.6396260
Ollie Schniederjans	24	300.7	51.9	37	65.3	1.778	54.5	28	88	18	5	1935668.9	6.2868311
Ben Crane	41	278.5	68.0	178	65.7	1.778	54.5	26	79	16	1	618483.10	5.7913278
Morgan Hoffmann	28	293.9	60.4	86	63.6	1.770	54.4	29	88	16	1	1278567.8	6.1067238
Brian Gay	46	278.7	65.5	177	63.5	1.748	54.2	25	78	14	3	942371.80	5.9742223
C.T. Pan	26	287.2	64.2	134	67.2	1.808	54.2	29	87	14	3	1267649.4	6.1029992
Nicholas Lindheim	33	287.1	56.2	136	65.7	1.772	53.9	N/A	N/A	N/A	N/A	N/A	N/A
Jason Day	30	306.2	53.9	19	63.7	1.716	53.9	20	67	16	5	2978181.3	6.4739511
Xander Schauffele	--	306.8	58.8	16	68.0	1.758	53.9	28	92	18	4	4312674	6.6347466
Adam Scott	37	307.0	56.7	15	67.0	1.780	53.8	16	58	13	4	1695143.8	6.2292065
Francesco Molinari	35	292.4	70.1	98	67.3	1.768	53.8	21	72	17	5	2875850	6.4587662
Sam Saunders	30	293.6	64.7	88	65.2	1.751	53.7	24	71	12	1	678117.10	5.8313047
Andres Gonzales	34	299.2	55.8	46	67.7	1.780	53.7	24	70	13	1	422078.20	5.6253929
Danny Lee	27	291.1	62.7	111	66.1	1.751	53.7	32	91	16	4	1611331.4	6.2071849
Bill Haas	35	293.0	59.3	92	67.9	1.792	53.6	25	85	20	4	2842173	6.4536505
Michael Kim	24	289.6	59.7	119	65.7	1.771	53.5	28	90	18	1	1018204.1	6.0078348
Trey Mullinax	--	309.6	54.6	9	67.0	1.758	53.5	28	83	15	1	758140.94	5.8797499
Phil Mickelson	47	293.5	55.0	89	62.8	1.734	53.3	22	80	20	5	2102599	6.3227565
Whee Kim	25	290.0	55.4	115	62.6	1.745	53.3	27	73	11	2	1125368.3	6.0512947
Rafael Cabrera Bello	33	291.7	61.4	103	62.7	1.774	53.3	19	60	13	4	1934674.9	6.2866080
Emiliano Grillo	--	293.3	65.4	91	67.0	1.784	53.3	25	87	20	2	1567014.9	6.1950731
Chad Collins	39	281.4	59.3	166	60.9	1.779	53.2	26	63	6	2	693743	5.8411986
Jamie Lovemark	30	304.9	57.4	24	66.1	1.770	53.2	28	97	22	4	1886972	6.2757655
Sergio Garcia	38	301.9	62.3	30	69.6	1.781	53.1	17	62	16	3	3522476	6.5468480
Charley Hoffman	41	298.7	58.6	49	66.6	1.757	53.1	31	108	23	6	4161007.8	6.6191985
Peter Malnati	30	282.3	63.1	162	62.5	1.753	53.1	29	86	16	0	358540.70	5.5545385
Marc Leishman	34	298.6	57.9	50	67.0	1.759	53.0	25	90	22	7	5866390.5	6.7683710
Chad Campbell	43	285.6	67.2	147	69.1	1.794	53.0	29	97	20	3	1329941.4	6.1238325
Cameron Percy	43	292.5	60.2	96	69.9	1.806	52.9	23	66	13	1	623693.70	5.7949714
Cameron Tringale	30	280.9	58.2	168	64.4	1.775	52.9	28	84	15	3	792814.30	5.8991715
Ben Martin	30	291.7	63.7	103	65.8	1.784	52.9	27	80	14	2	850319	5.9295819
Scott Brown	34	289.0	63.9	121	64.3	1.760	52.7	29	91	18	2	1748323.8	6.2426219
Troy Merritt	32	290.2	61.0	114	64.8	1.778	52.4	28	76	11	1	569682.10	5.7556326
Retief Goosen	48	291.8	57.8	102	63.9	1.800	52.3	19	46	6	1	414362.56	5.6173805
Anirban Lahiri	30	297.0	59.8	61	63.4	1.730	52.3	22	72	14	3	1944288.9	6.2887608
Chez Reavie	36	285.2	71.4	149	67.3	1.756	52.3	28	95	20	4	1819206.6	6.2598820
Kevin Kisner	33	289.5	67.8	120	66.4	1.785	52.1	28	98	24	8	4766936	6.6782393
Rory Sabbatini	41	291.6	64.9	105	67.4	1.769	52.0	23	66	12	1	741616.80	5.8701796
Ken Duke	49	274.2	68.6	186	63.7	1.791	52.0	N/A	N/A	N/A	N/A	N/A	N/A
Tony Finau	28	309.2	57.5	10	69.0	1.764	52.0	29	105	24	8	2838629.3	6.4531087
Zach Johnson	41	286.9	67.5	140	64.2	1.747	51.6	23	77	17	4	2362968	6.3734578
Grayson Murray	24	308.2	56.0	12	64.0	1.746	51.6	30	91	17	2	1468728.5	6.1669415
Hudson Swafford	30	305.1	60.3	22	68.2	1.776	51.5	28	90	18	4	2246090	6.3514272
Johnson Wagner	37	288.1	63.2	128	66.9	1.787	51.5	26	63	7	2	685305.94	5.8358845
Sung-hoon Kang	--	296.4	59.6	67	66.1	1.772	51.4	32	103	20	3	1943308.8	6.2885418
Sean O'Hair	35	297.5	60.6	58	66.4	1.778	51.4	25	84	17	5	1873856	6.2727362
Charles Howell III	38	296.9	54.7	62	67.0	1.772	51.4	23	82	20	5	2606382.5	6.4160382
Fabian Gomez	39	285.1	61.8	151	64.7	1.779	51.4	21	60	10	0	332351.84	5.5215981
Mark D. Anderson	31	283.8	60.0	157	65.6	1.796	51.3	N/A	N/A	N/A	N/A	N/A	N/A
Chris Kirk	32	287.0	63.9	139	66.7	1.740	51.3	28	84	16	3	1216046.6	6.0849502
Patrick Cantlay	25	298.9	61.5	48	69.2	1.756	51.1	13	48	12	4	2049631.9	6.3116759
K.J. Choi	47	282.2	66.2	163	63.0	1.777	51.1	25	66	10	0	292715.94	5.4664464
Patrick Reed	27	295.6	57.2	75	62.2	1.744	51.1	29	100	24	4	3055110.8	6.4850270
Ricky Barnes	36	284.9	54.3	153	63.5	1.762	51.0	31	92	17	0	697623.60	5.8436212
Steven Alker	46	276.9	67.5	183	65.2	1.781	51.0	N/A	N/A	N/A	N/A	N/A	N/A
Hideki Matsuyama	25	303.3	58.6	26	69.0	1.739	50.9	22	76	19	7	8380570	6.9232736
Ryan Blaum	--	284.1	60.9	156	65.3	1.759	50.7	29	96	21	2	962768.40	5.9835218
Graeme McDowell	38	279.5	69.9	173	62.6	1.742	50.5	17	56	11	0	639770.06	5.8060239
Branden Grace	29	292.0	58.5	100	66.4	1.813	50.5	20	63	15	2	1315053.5	6.1189434
Blayne Barber	28	291.2	61.6	109	67.6	1.762	50.4	25	72	12	1	823082	5.9154431
Mark Hubbard	--	282.7	60.4	160	65.4	1.811	50.4	N/A	N/A	N/A	N/A	N/A	N/A
Ernie Els	48	284.7	56.2	155	56.8	1.767	50.0	N/A	N/A	N/A	N/A	N/A	N/A
Greg Chalmers	44	278.0	59.8	181	59.9	1.757	50.0	28	72	9	0	344631.40	5.5373548
Patton Kizzire	31	293.0	52.5	92	63.5	1.766	50.0	28	76	12	2	1110395.4	6.0454777
Martin Flores	35	300.6	52.8	39	70.6	1.790	50.0	27	81	16	2	830057.40	5.9191081
Brett Drewitt	--	286.4	60.7	145	64.8	1.803	50.0	N/A	N/A	N/A	N/A	N/A	N/A
Kevin Streelman	39	294.0	66.0	84	66.7	1.791	49.7	26	89	19	2	1313326.9	6.1183728
Cody Gribble	--	297.2	54.8	60	62.7	1.747	49.6	28	78	11	2	1305554.3	6.1157949
Lucas Glover	38	298.6	65.4	50	69.9	1.782	49.3	26	90	20	4	1955822.5	6.2913294
Cameron Smith	24	292.6	56.3	94	63.1	1.737	49.2	26	82	15	4	2123216.3	6.3269942
Daniel Summerhays	34	287.1	63.7	136	63.4	1.774	49.1	29	95	19	1	826124.25	5.9170454
Soren Kjeldsen	42	273.6	69.2	187	62.0	1.755	49.0	17	49	10	1	722913.20	5.8590862
Roberto Castro	32	280.5	66.4	169	63.7	1.819	48.9	25	69	10	0	367361.94	5.5650942
Ryo Ishikawa	26	288.8	51.9	122	63.3	1.777	48.9	20	56	8	1	319748.28	5.5048082
Byeong Hun An	26	300.3	57.2	41	64.0	1.789	48.9	22	73	17	3	1236089.6	6.0920500
Keegan Bradley	31	299.8	66.8	44	68.6	1.775	48.8	29	103	23	5	1940477.8	6.2879087
Rick Lamb	--	298.0	64.8	54	66.9	1.774	48.8	19	50	7	1	524372.44	5.7196399
Kyle Reifers	34	286.1	65.1	146	66.0	1.817	48.7	32	88	14	0	454569.60	5.6576004
Sebastian Munoz	25	296.0	54.5	70	63.2	1.781	48.7	17	49	8	1	563900	5.7512021
Smylie Kaufman	25	304.8	54.8	25	65.3	1.767	48.7	26	72	11	1	784757.90	5.8947357
Robert Garrigus	40	300.7	59.5	37	68.6	1.764	48.5	26	74	12	2	880905.40	5.9449293
Justin Thomas	24	309.7	55.1	8	67.2	1.694	48.2	25	79	18	12	9921560	6.9965800
Brooks Koepka	27	311.1	55.8	7	63.5	1.721	48.2	24	80	19	7	5612397	6.7491484
Brad Fritsch	40	288.3	56.4	127	64.2	1.800	48.2	N/A	N/A	N/A	N/A	N/A	N/A
Carl Pettersson	40	280.2	51.9	171	57.9	1.748	48.0	N/A	N/A	N/A	N/A	N/A	N/A
Harold Varner, III	27	302.4	59.6	29	67.7	1.799	48.0	31	100	19	1	918779.30	5.9632112
James Hahn	36	293.9	63.1	86	66.1	1.792	48.0	28	96	20	4	1841314.4	6.2651279
Ryan Brehm	--	311.5	51.9	4	67.4	1.799	47.9	25	78	15	0	396258.20	5.5979783
Si Woo Kim	22	289.8	57.0	118	59.6	1.794	47.9	30	77	14	2	2681176.8	6.4283255
Spencer Levin	33	279.0	67.8	175	65.6	1.800	47.9	31	86	13	1	469729.88	5.6718482
Shane Lowry	30	296.4	65.8	67	67.6	1.785	47.8	16	49	11	1	831410.90	5.9198157
Rod Pampling	48	287.8	60.8	131	64.0	1.817	47.8	22	71	13	1	1539421.9	6.1873577
Kyle Stanley	30	296.5	68.6	66	70.4	1.776	47.7	29	100	22	5	3402105.8	6.5317478
Nick Taylor	29	291.6	61.7	105	66.1	1.796	47.7	29	96	20	4	1255259.4	6.0987335
Gonzalo Fernandez-Castano	37	292.1	53.3	99	62.2	1.780	47.6	N/A	N/A	N/A	N/A	N/A	N/A
D.A. Points	41	278.1	65.8	180	66.8	1.779	47.5	22	68	12	1	893699.94	5.9511917
Ryan Moore	35	288.0	67.9	130	65.0	1.764	47.3	24	79	18	2	1751851	6.2434972
Tag Ridings	43	301.6	58.2	32	65.9	1.761	47.3	20	59	13	1	489926.75	5.6901312
Martin Laird	35	296.9	65.7	62	65.9	1.765	47.2	25	83	17	5	1759706.4	6.2454402
Mackenzie Hughes	27	294.3	59.6	81	64.7	1.779	47.0	31	105	22	2	2355553.3	6.3720929
Camilo Villegas	36	288.7	54.4	124	61.9	1.743	47.0	25	72	12	2	971420.10	5.9874071
William McGirt	38	285.2	70.0	149	67.2	1.797	46.8	28	84	16	3	1225005.4	6.0881380
Bud Cauley	27	295.9	60.1	72	67.4	1.771	46.8	28	88	17	5	1553685	6.1913630
Alex Cejka	47	282.1	67.2	164	65.6	1.808	46.6	28	78	14	1	618170.56	5.7911083
Luke List	33	311.5	55.6	4	69.1	1.780	46.4	31	98	19	3	1813219.1	6.2584503
Brian Stuard	35	272.6	71.3	189	63.3	1.771	46.4	31	87	15	0	588805.94	5.7699722
Bubba Watson	39	305.8	59.5	20	62.9	1.791	46.3	22	63	13	4	1223128.6	6.0874721
Russell Henley	28	298.0	63.7	54	67.8	1.754	46.1	27	98	22	5	3413876	6.5332477
Bryson DeChambeau	24	299.4	58.3	45	65.5	1.785	46.0	31	90	14	2	1817053.6	6.2593677
Jonathan Randolph	--	287.7	64.2	132	62.9	1.780	45.9	22	63	12	1	511032.28	5.7084483
Jhonattan Vegas	33	301.3	57.7	33	65.9	1.805	45.7	29	91	19	4	2944737.5	6.4690466
Shawn Stefani	36	294.0	60.5	84	66.5	1.793	45.7	26	70	10	1	404376.72	5.6067861
Kevin Tway	29	309.2	52.5	10	64.7	1.766	45.7	27	88	19	3	1472612.9	6.1680886
Robert Streb	30	294.3	57.6	81	65.2	1.772	45.7	30	94	18	3	1588286.9	6.2009290
Jim Furyk	47	271.4	72.1	190	66.1	1.794	45.6	18	51	9	1	558097.25	5.7467099
Steve Wheatcroft	39	280.5	68.2	169	61.0	1.781	45.5	17	47	8	1	309517.90	5.4906858
Chris Stroud	36	286.8	65.7	141	66.2	1.754	45.5	22	59	9	2	1308445.1	6.1167555
Miguel Angel Carballo	38	288.1	63.6	128	64.9	1.802	45.5	N/A	N/A	N/A	N/A	N/A	N/A
J.J. Spaun	--	291.5	65.1	107	67.1	1.784	45.5	29	88	17	3	1122610.8	6.0502292
Billy Horschel	31	300.1	60.1	43	67.9	1.807	44.9	28	87	16	4	2697959.8	6.4310355
Richy Werenski	--	291.2	65.9	109	67.4	1.786	44.7	26	74	14	2	890262.06	5.9495179
Boo Weekley	44	289.9	71.7	116	68.6	1.830	44.6	27	75	11	1	416928.90	5.6200620
Brett Stegmaier	--	288.7	64.7	124	66.7	1.797	44.6	N/A	N/A	N/A	N/A	N/A	N/A
Derek Fathauer	32	286.5	55.5	142	62.8	1.757	44.4	27	76	13	1	898491.25	5.9535139
Dustin Johnson	33	315.0	57.0	2	69.5	1.755	44.3	20	70	17	8	8732193	6.9411233
Scott Stallings	32	297.6	57.0	57	67.9	1.792	44.3	27	78	14	3	955336.60	5.9801564
Ryan Palmer	41	303.2	57.8	27	66.5	1.847	43.6	20	53	8	2	772560.30	5.8879324
Billy Hurley III	35	276.9	60.6	183	63.6	1.772	43.5	25	80	15	1	719579.25	5.8570786
Brendan Steele	34	300.4	62.9	40	67.3	1.785	43.3	25	85	20	4	2907095.3	6.4634593
Dominic Bozzelli	--	294.4	56.6	80	62.0	1.783	43.2	24	65	9	3	868519	5.9387793
Daniel Berger	24	296.9	60.0	62	66.7	1.755	43.2	26	87	20	5	4287161	6.6321698
J.B. Holmes	35	307.5	51.3	14	62.6	1.766	42.9	23	76	18	2	1353584.3	6.1314853
Julian Etulain	--	293.5	63.3	89	66.8	1.785	42.9	22	63	12	1	448213.97	5.6514854
Kevin Chappell	31	305.0	58.8	23	65.2	1.779	42.8	27	91	21	5	3149615	6.4982575
Kelly Kraft	29	291.9	60.1	101	63.1	1.781	42.7	27	72	11	3	1638045	6.2143258
Jason Dufner	40	294.6	63.8	78	67.2	1.764	42.1	24	82	20	2	3310341	6.5198727
JT Poston	--	295.5	59.4	77	65.5	1.747	42.0	28	87	17	1	662565.25	5.8212287
Matt Every	34	297.7	48.4	56	60.2	1.751	41.3	30	71	7	0	351411.50	5.5458160
J.J. Henry	42	294.1	62.6	83	69.4	1.822	40.3	29	86	16	2	734874	5.8662129
Graham DeLaet	36	301.1	63.7	34	68.6	1.781	40.0	25	76	15	6	1603666.4	6.2051140
Patrick Rodgers	--	306.3	52.9	18	65.8	1.822	39.8	27	75	11	3	1346322.3	6.1291490
Andrew Loupe	29	311.3	45.9	6	59.8	1.802	39.8	N/A	N/A	N/A	N/A	N/A	N/A
Jason Bohn	44	275.9	63.7	185	63.1	1.814	39.6	N/A	N/A	N/A	N/A	N/A	N/A
Paul Casey	40	297.5	64.1	58	70.1	1.763	39.2	24	90	23	9	3906973.5	6.5918405
Stewart Cink	44	296.7	55.1	65	68.8	1.764	38.4	26	93	20	3	1463922.4	6.1655181
Scott Piercy	39	295.9	59.7	72	66.7	1.771	38.0	22	67	14	4	1317452.3	6.1197349
Russell Knox	32	288.6	67.6	126	66.6	1.785	37.9	24	71	14	4	1643924.3	6.2158818
Jim Herman	40	292.5	69.0	96	68.1	1.792	37.6	25	76	13	2	1205632.4	6.0812149
Ryan Armour	41	278.8	72.7	176	70.0	1.799	37.3	20	59	10	1	443005.90	5.6464095
Jason Kokrak	32	306.4	59.3	17	66.8	1.806	36.8	28	95	20	1	1173708.5	6.0695602
